structure(c(0.000585846427255587, 0.00019958223392006, -0.000346939661615997, 
0.0000699050419149976, 0.0000722151249878832, 0.000158640477225907, 
0.0000199834226487293, -0.0000080074075367862, 0.000253480921235027, 
0.0000868775737662808, -0.000176930834117115, -0.00018666556532586, 
0.000225905126499171, -0.0000346352888492589, 0.000160351247186594, 
-0.000104423070697721, -0.0000450633332042085, 0.0000872716751942513, 
-0.00000941954941450593, -0.000195658743727927, -0.00000609887394658176, 
-0.0000935817512851594, -0.000166231586274918, 0.0000756280664068317, 
-0.0000416753711205652, 0.0000834292246822476, 0.0000359428590870564, 
0.0000821750408407924, 0.0000406492409659069, 0.0000246279680470185, 
-0.000199679216925422, -0.000110251339141062, 0.000182886189382911, 
-0.000108147634131092, -0.000142506417142738, 0.0000433948494042417, 
0.0000860276922859648, -0.000197445315554278, 0.0000933741738101558, 
-0.000123422611857796, -0.0000464490218755015, 0.000014903514630086, 
-0.00000487588716042126, -0.000107309809505332, -0.0000202673480015227, 
-0.000376962838248112, 0.000394924709744815, 0.000376962837281313, 
-0.000394924709620277, 0.000199582233948359, 0.000790545126348803, 
0.0000841607608649469, 0.00000816103310995972, 0.0000569909530089574, 
-0.000276857127230512, 0.0000892117595671653, 0.000169006251397069, 
0.000222557283866772, -0.000240709062516783, -0.000161405330141183, 
-0.0000788298631292363, 0.0000790325890961048, -0.00023761802336283, 
0.000313244755677673, -0.0000164200808318589, 0.000251855690185393, 
-0.0000671070533009465, 0.000108874848816699, -0.000249940492723166, 
0.0000162851217894109, -0.0000174227930546173, 0.0000589214020156399, 
0.0000422807049185637, 0.0000593238613918, -0.000232239510636153, 
0.0000584667585012809, 0.0000842878118135789, -0.0000374161672524881, 
0.000198298785589388, -0.0000189916077128192, -0.000112386624118119, 
-0.0000132491611893337, -0.0000512757316800603, 0.0000316642522474526, 
-0.00011234145820827, -0.0000581251364473464, -0.0000949010268536301, 
0.0000594934795810337, 0.0000235232564221512, 0.000104341417735911, 
-0.00000330866943511849, -0.000112478869335292, -0.00019638567912388, 
0.00011622838201228, 0.00220567849820137, -0.0022222179402708, 
-0.00220567849921006, 0.00222221794086467, -0.000346939661622372, 
0.0000841607608456028, 0.000850872313337054, -0.0000112513583097446, 
0.000194620915243601, -0.0000248788731261852, -0.000233192915680273, 
0.000270799620842365, -0.000189116494748647, 0.000117844421926471, 
0.0000109344925138347, 0.000187309354285379, -0.00010488985274341, 
0.0000197749820461968, 0.0000979906356271247, 0.000071969997858201, 
0.000187361241478627, 0.000107014407873333, -0.0000019766929213934, 
0.0000980910033164979, 0.0000244845393576951, 0.0000817154763460932, 
-0.0000504358229726399, 0.000098064123590518, 0.0000137047439588734, 
-0.000071325560116723, 0.0000268859771287697, 0.000012216220204253, 
-0.000104160267969014, 0.0000606042532534591, -0.000105557122277072, 
0.00008239371789236, 0.0000567848479428896, 0.000175129890040668, 
0.0000145460958084887, 0.0000154741214574486, 0.0000357738503551019, 
0.000204700322347684, 0.0000629812414737337, 0.0000178817570695418, 
0.000203152338735556, 0.0000407572165810701, -0.000271236633050419, 
-0.0000987746927714692, -0.000160093214822534, -0.00303690095074659, 
0.00306210525669864, 0.00303690094999223, -0.00306210525587923, 
0.0000699050419028842, 0.00000816103316592695, -0.0000112513582761321, 
0.000835710237462999, -0.000108507983686543, 0.00012148840975648, 
0.000157077318247396, -0.0000175305263973686, 0.000186031152579134, 
-0.0000635049679141388, 0.000216288689117284, -0.0000028301985503536, 
0.000145030677656361, -0.000116447505482949, -0.0000920111831928583, 
0.0000973384215158379, 0.000304856572154652, 0.000377148373515218, 
-0.0000128419367875229, 0.000125522602095296, -0.000131376466949045, 
0.000120997683113999, -0.000088691738554483, 0.0000905656875149448, 
0.000112263434296274, 0.0000473786594754589, -0.000323280634073413, 
-0.0000719167391230809, -0.000121701126468515, 0.0000623127383934071, 
0.0000898579951381819, -0.000069459223590996, -0.0000750744034057643, 
0.0000354591712795162, -0.000202004741704078, -0.0000162195480207851, 
0.0000152761925831966, 0.0000474867483884659, 0.00000919366481092381, 
-0.0000634387439473436, 0.0000684045366517579, -0.000122715907177412, 
-0.0000712888218216496, -0.0000568880975065888, 0.0000877230923353944, 
0.00166188883078497, -0.00167994471438372, -0.00166188883100546, 
0.00167994471533142, 0.0000722151250113187, 0.0000569909529349775, 
0.000194620915205598, -0.000108507983720925, 0.000689799508920423, 
-0.0000553940814853965, 0.0000696058716675654, -0.0000468811288641735, 
0.0000319790020178841, 0.000256900710490421, -0.0000743985763451194, 
0.00004595622161281, 0.0000804677758916949, 0.0000350633374585512, 
0.000189663022396252, 0.000155569938788915, 0.00000344693956181115, 
-0.0000321795457311166, -0.000306407624032115, -0.0000932890290806036, 
0.0000660112859622728, 0.0000996028547439829, 0.0000376497570990947, 
0.0000114766145575344, -0.0000943913665851441, 0.00012172114540417, 
0.00019662848134009, 0.000224506156221469, -0.000268690330469352, 
-0.000153686035207048, -0.000000263028236139952, 0.0000941838318480031, 
-0.000128924123493647, -0.000128472787274135, -0.0000385691924491459, 
-0.00000453679378225877, 0.0001231804525075, 0.00012004993441107, 
0.000176929405129719, 0.0000860302863162524, 0.0000202962008657341, 
-0.0000859249459087247, -0.0000877190512923701, -0.0000774308920920724, 
-0.0000298343786109896, -0.000560518288878395, 0.00057579082013048, 
0.000560518289772265, -0.000575790820911896, 0.000158640477182811, 
-0.000276857127202682, -0.0000248788730330302, 0.000121488409708667, 
-0.0000553940814379756, 0.000869354480109897, -0.000228573496804402, 
-0.000165477849419024, -0.0000895421799746572, 0.000020088913814878, 
-0.00000169476582459703, 0.0000849788737827363, 0.0000108301495617603, 
0.0000824574044704655, 0.000124001519067088, 0.000146991403080026, 
-0.0000507748501129631, -0.0000876092670951476, -0.0000279538675739154, 
0.000014506207712802, 0.000121916036233829, 0.000164048227603429, 
-0.000342959997556481, 0.000077378629520738, -0.000146488366232889, 
0.000142276490308386, 0.0000108024441229194, -0.0000414332251171201, 
0.000128099690027907, 0.000147301971491174, -0.0000820468807297729, 
-0.000178663059340101, 0.0000336073167633471, 0.0000829700656232221, 
-0.0000000144290434279308, -0.0000660661672057236, 0.0000134305276167715, 
0.000121671264797454, -0.000112445249632657, -0.0000688728555585546, 
-0.0000638529304047883, 0.0000831332197543769, -0.000134850789201312, 
-0.0000830899327903672, 0.000048273390248817, 0.000918068238848786, 
-0.000920865561635762, -0.000918068244677073, 0.000920865569798981, 
0.0000199834226300476, 0.0000892117596419149, -0.000233192915597535, 
0.000157077318210193, 0.0000696058714994783, -0.000228573496841608, 
0.00100054185841968, 0.0001292018715679, 0.000416229896732348, 
-0.0000169730057644587, 0.000146828459730701, -0.0000446495654147225, 
-0.0000741467439900904, 0.00017801753832312, -0.000236169979771481, 
0.000191916345877399, 0.0000138123258689823, -0.000137197175956532, 
0.0000135592270786745, -0.00000892334138443716, 0.0000166710298803345, 
0.000157489719545131, -0.000047206571452794, -0.0000516798634059854, 
-0.000229604362488897, 0.0000558370331849071, 0.000100875942721524, 
-0.0000765179596640155, -0.0000417802736407736, 0.0000981037601089406, 
-0.00015649480635252, 0.0000641255064699239, -0.000156409730928284, 
-0.00000477036874544927, -0.0000992837296516727, -0.0000695453974524111, 
-0.0000572503130308198, 0.000107068735314504, -0.000202895558106986, 
0.000057261511530269, -0.00000836421721239631, -0.0000854871709705068, 
-0.0000727466436776508, -0.0000127253313695217, 0.0000127102076812315, 
0.000241618024402014, -0.000242650260869042, -0.000241618023752736, 
0.000242650262165014, -0.00000800740751275803, 0.000169006251336977, 
0.00027079962080518, -0.0000175305263836801, -0.0000468811288411504, 
-0.000165477849456607, 0.000129201871478623, 0.000756307090072258, 
0.000171772270680541, -0.0000497405267708328, -0.00000437401987310702, 
0.000150857822195321, -0.0001381093120245, 0.0000691743685849238, 
0.000171693811879731, 0.0000208646598046907, -0.00000262631332158745, 
0.0000801118952925113, 0.0000172124534657975, 0.000189500652575683, 
-0.00000202078277675177, -0.000118588998579944, -0.0000764318203988924, 
0.0000300554695662541, 0.0000337396478049758, 0.0000686152995302494, 
0.0000949465268785231, 0.000217918424652104, 0.0000644490809240006, 
-0.0000214499124313028, -0.0000850102409886169, -0.000195597969887476, 
0.0000541516779309343, 0.0000793635753813603, -0.000182852993797402, 
0.0000420057426853214, 0.0000874485629964383, -0.0000535395301926618, 
-0.0000312236876986009, -0.00014138381725266, 0.000170166579171515, 
-0.0000860291023335488, 0.0000754143703649123, 0.000129047046303122, 
-0.000168550365695606, -0.00319241218135932, 0.00322878199833048, 
0.00319241218146374, -0.00322878199842618, 0.000253480921277888, 
0.000222557283879315, -0.000189116494784768, 0.000186031152611416, 
0.0000319790020231402, -0.0000895421799916727, 0.000416229896745999, 
0.000171772270637711, 0.000730243876211746, -0.0000504079416424149, 
0.000210686915313503, -0.0000568939447914626, -0.0000411749059718969, 
-0.000115963905873215, -0.0000748875900026627, -0.000279786455217093, 
-0.0000550849281815557, 0.0000531762612407651, -0.000210035794295221, 
0.0000835585449854587, 0.00000904376666638705, -0.0000449619113110558, 
-0.000183840531263507, 0.0000924021526965684, -0.0000104781839765425, 
-0.0000530714753826942, 0.00004334906079602, 0.0000649825035826964, 
-0.0000636014993014697, -0.0000890785011080756, -0.000167702483503168, 
-0.000108690851989195, -0.00000894296130108134, -0.000290498544370282, 
-0.0000356497005476134, -0.000128464633242689, -0.000141441897540438, 
-0.000023466701242873, 0.0000102148730729852, -0.000074998716328743, 
-0.0000398401007924905, 0.000224925114927724, -0.0000446730651295221, 
-0.0000726158993349683, -0.000114758380254393, -0.0021758919892212, 
0.00219609507192028, 0.00217589199144121, -0.00219609507420299, 
0.0000868775737889534, -0.000240709062548607, 0.000117844421927949, 
-0.0000635049678963576, 0.000256900710499357, 0.000020088913826792, 
-0.0000169730057256927, -0.0000497405267555896, -0.0000504079416268307, 
0.00095452990179665, -0.0000908718175401678, -0.000112324038639436, 
0.000256633294199281, -0.000062935513611531, -0.000263493744929371, 
-0.0000327679775206653, -0.0000744055521093233, 0.000152478522021825, 
-0.0000135184800408721, -0.0000777059059937229, -0.0000790086199176135, 
-0.000205300424180774, -0.0000158937715759435, 0.0000474240237784112, 
-0.000100720401363715, 0.000301136827708392, 0.000135148746824068, 
0.0000223443062524945, 0.000018520351410096, -0.000251595237347676, 
-0.000148644030692174, -0.000125853323222033, 0.000129345281872496, 
0.000127775781052893, -0.0000515477822608776, 0.0000422580981592042, 
0.0000295581702778554, 0.000197703359551704, 0.000107970473682508, 
0.0000196015379716089, 0.000186154877467872, 0.000101348639757973, 
-0.000138130239917033, 0.0000162675089643262, 0.000177289224072873, 
0.00335781439869748, -0.00339609165219252, -0.00335781439927866, 
0.00339609165234597, -0.000176930834129524, -0.000161405330026459, 
0.0000109344926221413, 0.000216288689167463, -0.000074398576290542, 
-0.00000169476599662794, 0.000146828459744868, -0.00000437401991748882, 
0.000210686915339783, -0.00009087181758496, 0.000696776742488428, 
0.000013120983351526, -0.00000258824402320989, 0.0000889447724304625, 
-0.0000945982550113424, -0.0000585830164439966, 0.0000333000506138479, 
0.00010504332045547, -0.0000626715185785238, 0.000237236452764747, 
0.0000316846588187175, -0.000207026470568721, 0.000122201936462302, 
0.0000912032189539162, -0.000256107541825712, 0.0000448724426414793, 
-0.000085996330280808, 0.000110547241235848, 0.0000436661988209739, 
0.000140580547565047, 0.000125033938835684, 0.000059855316570249, 
-0.0000604707862108038, -0.000148295718251251, 0.000118403909821259, 
0.000134648833465097, 0.000057759688527116, -0.0000395777651474263, 
-0.000198454416980859, 0.000157091160634027, 0.0000678059558462309, 
0.000222496411861987, -0.0000316092660790182, -0.0000466080259666236, 
-0.0000650154677071906, -0.00123254038769545, 0.0012443201829945, 
0.00123254038611686, -0.00124432018137461, -0.000186665566296626, 
-0.0000788298638338281, 0.000187309354816442, -0.00000283019894249435, 
0.0000459562195733635, 0.0000849788745867883, -0.000044649565937541, 
0.000150857822758554, -0.0000568939459706864, -0.000112324034263243, 
0.0000131209808001758, 0.000755275497980251, -0.0000987296150043567, 
-0.000115632756731091, 0.0000367470790132328, 0.0000680295332190718, 
-0.00000977155654211908, 0.000057467796304214, 0.000100365026683969, 
0.0000890465315490184, 0.0000408096134628456, -0.0000619828167756247, 
0.0000650596638768428, -0.000298036531209527, -0.000238754243089761, 
0.0000340958884677267, 0.000102395716653353, 0.000023768097474865, 
-0.000193283920040191, -0.0000670952434043586, 0.000062326459735463, 
-0.0000823788208878479, -0.00012523394281642, 0.0000341643838138522, 
-0.000207739122845741, -0.0000542353305875196, -0.000217225140488166, 
0.0000869033859486727, -0.00001384502232353, -0.000294206539720234, 
-0.000251026624606748, 0.000110856824496282, -0.00000960404963710977, 
-0.000150480625806027, 0.0000480042098054312, 0.000904291762065546, 
-0.000924328777785737, -0.000904291750878853, 0.000924328831006523, 
0.000225905126518527, 0.0000790325891174133, -0.000104889852723588, 
0.00014503067765566, 0.0000804677758452051, 0.000010830149456812, 
-0.0000741467439378642, -0.000138109311997927, -0.0000411749060145009, 
0.000256633294220759, -0.00000258824402416741, -0.0000987296154491847, 
0.000688606387857757, -0.000227244019994177, -0.0000156592929944661, 
-0.0000469933761259497, -0.00000850926233336306, -0.0000445142372277008, 
-0.0000111894562920884, -0.0000467826142792716, 0.00010648094819541, 
-0.000202805105875799, 0.000111533868426357, -0.000189609386030414, 
0.000141779301317479, 0.0000600120529597629, -0.000138696633227714, 
0.000125731030198923, 0.0000689299171854437, 0.000226866079537748, 
-0.0000606711969276633, 0.000176793626615572, 0.0000203890358319338, 
0.000184304496008277, -0.00035554060111642, 0.000152131093750351, 
0.0000501082408999126, 0.0000771778685577485, -0.0000184044673007057, 
0.0000320379223068559, 0.0000301688371631989, -0.0000560810003841021, 
-0.0000109427783689548, -0.000232173278560068, 0.0000269885850245928, 
0.000509612734249657, -0.00051850936799977, -0.000509612733111439, 
0.000518509366831857, -0.0000346352888826271, -0.000237618023331235, 
0.0000197749820560149, -0.000116447505437789, 0.0000350633374154516, 
0.0000824574043910872, 0.000178017538291809, 0.0000691743685617164, 
-0.00011596390584625, -0.0000629355136549769, 0.0000889447725473742, 
-0.000115632753894085, -0.000227244020020892, 0.000869763459542325, 
0.0000852517595633682, 0.000172099422383439, -0.000147767816856434, 
0.00020954048368844, -0.000124175893256734, -0.0000302449082253099, 
0.000201294142926884, -0.000175528780340854, -0.00000830130006384978, 
0.0000223939835372885, -0.000125023318089136, -0.000000796855258697376, 
0.000015983640839722, -0.0000490502565181814, 0.0000373609931098337, 
0.000312310728028033, 0.0000312259175618578, 0.0000554369198802927, 
0.000240265367858002, -0.0000212291875843046, 0.0000187199030505098, 
-0.0000401054481504378, -0.000138151998960245, 0.00000823700939873872, 
0.0000295782908570704, 0.000295782362064362, 0.0000815817871070258, 
-0.0000349911650877567, -0.000189051111155821, 0.000206955900025908, 
-0.0000973937756183638, -0.00184879487951453, 0.00186153506904321, 
0.00184879488009249, -0.00186153506971327, 0.000160351247254496, 
0.000313244755669734, 0.0000979906355960868, -0.0000920111832167609, 
0.000189663022410146, 0.000124001519019722, -0.000236169979778721, 
0.000171693811846123, -0.0000748875899910543, -0.000263493744938683, 
-0.000094598255001223, 0.000036747080945671, -0.0000156592929589983, 
0.0000852517596294121, 0.000652313107467674, 0.000189325275451749, 
-0.000155785994080874, 0.0000761417209214323, -0.0000334194415429431, 
-0.0000678766771344142, 0.000145004695495612, 0.0000720990937223396, 
0.000116555988099085, 0.000203221403642777, -0.0000480886017450583, 
-0.000152763004116333, 0.0000576932380332155, 0.000132904311923883, 
0.0000521079374617567, 0.00000831047613478264, 0.0000764993442792441, 
-0.0000988201018911111, 0.000115364013742977, -0.0000353271801641909, 
-0.000133465956144713, -0.0000535991281022274, 0.000113248241615886, 
-0.000154470021037784, -0.0000908356152541991, 0.0000924110431972766, 
-0.0000211173164509405, -0.000169374982794212, -0.0000666285332943307, 
-0.0000686957626335147, 0.0000688900487479855, 0.00131224577008097, 
-0.00131237973726142, -0.00131224576983743, 0.00131237973714212, 
-0.000104423070658717, -0.0000164200808197235, 0.0000719699978488777, 
0.0000973384214949889, 0.000155569938716703, 0.000146991403194891, 
0.000191916345944599, 0.0000208646597667053, -0.00027978645522274, 
-0.0000327679775223874, -0.0000585830164292838, 0.0000680295336467296, 
-0.0000469933760935283, 0.000172099422363553, 0.000189325275475007, 
0.000565227610749935, 0.000128027373829583, -0.0000567796817539567, 
0.000111576757475106, -0.0000835623741476253, 0.0000368759120912117, 
0.000186462716001336, 0.000107225662425603, 0.0000691932734046085, 
-0.000098158720505749, 0.0000524016110747416, 0.000134661129327907, 
-0.0000431176495132129, -0.000065965369946738, 0.000144209664572066, 
0.000165291773655021, 0.0000227798747315183, -0.000130707918272843, 
0.0000988336066538836, -0.0000677304454976704, 0.0000897663199039974, 
0.000239569998019857, 0.0000942058772773454, -0.000145791088975097, 
0.000034545660893982, -0.000063020265707781, -0.000198636505517651, 
-0.000144086152357876, 0.00011817327663419, 0.000185754163256949, 
0.00351501593893222, -0.00356117820205353, -0.00351501593825561, 
0.00356117820177688, -0.0000450633331616235, 0.000251855690264209, 
0.000187361241460064, 0.000304856572096471, 0.00000344693955120154, 
-0.0000507748501083082, 0.0000138123260486967, -0.00000262631321801912, 
-0.0000550849280840208, -0.0000744055521481378, 0.0000333000504724183, 
-0.00000977155635521961, -0.00000850926233671779, -0.00014776781687744, 
-0.000155785994068396, 0.000128027373758115, 0.000923954966278514, 
-0.000122419950529874, -0.0000534357859695076, -0.0000553580577326311, 
-0.000185467357841223, -0.0000347685706073177, 0.000113684430992785, 
0.0000881688215830102, -0.00000550231765875702, 0.000250373523564461, 
0.0000506416680258528, -0.0000958496306994642, -0.0000157577726091283, 
0.000275145918311378, 0.000247721578315577, -0.0000812841231452597, 
-0.000118210412314749, -0.0000197805471237873, 0.00019378372466435, 
-0.0000333739926473829, 0.000211069468117558, 0.0000619439773939284, 
0.00028935854415281, -0.0000949374608451557, 0.000107210597377106, 
0.000123673589348381, -0.0000418478840404096, -0.000230069270999042, 
-0.0000621140968500965, -0.00117632557920685, 0.00118990004891896, 
0.00117632558137909, -0.00118990005033002, 0.0000872716752098252, 
-0.0000671070532946927, 0.000107014407879198, 0.00037714837350462, 
-0.0000321795456412188, -0.0000876092670035571, -0.000137197176086449, 
0.0000801118952186587, 0.0000531762612273581, 0.00015247852204615, 
0.000105043320377393, 0.0000574677956206471, -0.0000445142372243291, 
0.000209540483634366, 0.0000761417209188836, -0.0000567796817559566, 
-0.000122419950497371, 0.00100953560612193, 0.0000519320137505787, 
-0.0000979189448973478, -0.0000562734522051247, -0.0000780634446846691, 
0.000071883135532056, 0.0000395670747806993, 0.00000394878987300264, 
-0.0000422165450076995, -0.000191825551341273, -0.000137713887860814, 
-0.000278129544533706, -0.0000676086707566376, -0.0000761708651134955, 
0.00000733017715405257, 0.000274424073413539, -0.000070756608126775, 
-0.00000691726868947881, -0.000136467373126728, 0.0000244753852291469, 
-0.000135227490107446, 0.000143337402150534, -0.0000262149247442976, 
-0.0000872874563275545, 0.0000963821136548631, -0.0000515063288196234, 
0.0000730993615778519, 0.00008075345959745, 0.00152593414505162, 
-0.00155033552648813, -0.00152593414756699, 0.00155033552906935, 
-0.00000941954944381352, 0.000108874848869964, -0.00000197669284751444, 
-0.0000128419368088086, -0.000306407624012764, -0.0000279538676400049, 
0.000013559226920657, 0.0000172124535379546, -0.000210035794309598, 
-0.0000135184799702264, -0.0000626715186349006, 0.000100365021128026, 
-0.0000111894563373225, -0.000124175893296976, -0.0000334194414858055, 
0.000111576757487693, -0.0000534357858667102, 0.0000519320136528653, 
0.000993980127843076, -0.000191578895913541, 0.0000671289708168569, 
-0.0000523293971237856, -0.0000370856254980553, 0.0000222477855980259, 
-0.000330741930212601, -0.000091527046392522, -0.000294984006161942, 
-0.000030443438438426, -0.000102018937355305, 0.0000782857742402074, 
-0.000150252201734795, -0.000105753746109339, -0.0000406712769909728, 
-0.0000131829646928046, 0.0000215248269473173, 0.00023468730725512, 
0.000178072244817613, 0.0000569084242613432, -0.000036766249509807, 
0.0000245157294357082, -0.00000545196945520336, -0.0000426486603845132, 
0.0001487663819553, 0.0000631563428204047, 0.000059330853965939, 
0.00112565084175228, -0.00113479910786721, -0.00112565084521554, 
0.00113479911126999, -0.000195658743740306, -0.000249940492740237, 
0.0000980910033158807, 0.000125522602063716, -0.0000932890291257854, 
0.0000145062077456083, -0.00000892334133205637, 0.000189500652579272, 
0.0000835585449676898, -0.0000777059059726952, 0.000237236452895242, 
0.0000890465287180044, -0.0000467826142247595, -0.000030244908235338, 
-0.000067876677109332, -0.0000835623741655893, -0.0000553580577375915, 
-0.0000979189448539676, -0.000191578895963823, 0.00084905591949977, 
0.0000911256298532282, 0.0000163298476021035, -0.00000280663685509125, 
0.000131046026109537, 0.000209316413533934, 0.0000892280354830072, 
-0.000116324799064037, 0.000202585380588951, -0.0000455676238087436, 
-0.00014398634628323, 0.0000443587081106375, -0.00000223227525901313, 
0.0000111910541182242, 0.0000168573254628778, -0.00000141487734336885, 
0.000157100813927876, 0.0000363668314034786, -0.000148576795625815, 
-0.000210709564611144, 0.00011507125972035, -0.0000691776098204845, 
-0.0000785271183741016, -0.00000209537939143337, -0.000247375864842174, 
0.000121099175992722, 0.00230654538480814, -0.00230729584258787, 
-0.00230654538466439, 0.00230729584244035, -0.00000609887389543581, 
0.0000162851218589732, 0.0000244845393279129, -0.000131376466917594, 
0.0000660112859792172, 0.000121916035976008, 0.0000166710299501883, 
-0.00000202078275065198, 0.0000090437667024479, -0.0000790086199957168, 
0.0000316846588756481, 0.0000408096112635333, 0.000106480948197104, 
0.000201294142957813, 0.000145004695554161, 0.0000368759121234583, 
-0.000185467357785045, -0.0000562734522194785, 0.0000671289708233563, 
0.0000911256298540539, 0.000468922555685846, -0.000119004413744239, 
-0.000104225780503781, 0.000000187230096994772, -0.0000808898359262983, 
-0.000157159644914867, -0.000126920493163035, 0.0000752982750934929, 
-0.0000907155218976403, 0.0000871355223721806, 0.0000641441893616437, 
0.000195846255395105, -0.0000638813658811705, -0.000104531654654215, 
-0.000151761451555825, -0.0001010328399794, -0.0000253695522694185, 
0.000159353337096336, 0.000133693961557447, 0.000318725284964527, 
-0.0000184751529613182, 0.0000312586314828268, 0.0000294635191761318, 
-0.000156086354449496, 0.0000482863170762312, 0.000914047139017021, 
-0.0009255012193677, -0.000914047137037906, 0.000925501216149272, 
-0.0000935817509499604, -0.0000174227927967135, 0.0000817154760811096, 
0.000120997682997271, 0.0000996028548421335, 0.000164048227677992, 
0.000157489719605089, -0.00011858899890801, -0.0000449619113275795, 
-0.000205300424098091, -0.000207026470861315, -0.0000619828189016886, 
-0.000202805105833374, -0.000175528780363419, 0.0000720990938994184, 
0.000186462715910791, -0.000034768570673789, -0.0000780634447213218, 
-0.0000523293971701195, 0.0000163298473776418, -0.000119004413861839, 
0.00105819401304481, 0.0000712150165410474, -0.000117289015027692, 
0.0000845439536994548, -0.0000229553334584139, -0.00020132760882416, 
-0.0000836071563134321, -0.0000364009019537886, -0.000309798675601919, 
-0.000437393103300676, -0.0000395690637853076, 0.0000684362481566972, 
-0.0000121944107487522, 0.000108459493465361, -0.0000480783246213363, 
0.000120333048469271, 0.0000823433412627768, -0.0000866060030218314, 
0.000145656723300232, -0.0000602917148321144, -0.000165131055447572, 
-0.0000723107302283258, -0.0000850400793932673, -0.0000687658057134963, 
-0.00130848778664001, 0.00131136492235362, 0.00130848778528722, 
-0.00131136492094747, -0.000166231586254756, 0.000058921402075482, 
-0.0000504358229625769, -0.0000886917385443514, 0.0000376497570760401, 
-0.000342959997503564, -0.0000472065713762061, -0.0000764318203712964, 
-0.000183840531230081, -0.000015893771592583, 0.000122201936412763, 
0.0000650596623477188, 0.000111533868459246, -0.00000830130008620424, 
0.000116555988093051, 0.00010722566240967, 0.000113684430969385, 
0.0000718831355188946, -0.0000370856255018358, -0.0000028066368909825, 
-0.000104225780471358, 0.0000712150166711027, 0.000947026732157008, 
-0.000147787076229523, 0.0000293837060600804, 0.000132877246817344, 
-0.0000853282770470938, -0.0000485397563381248, 0.000152379428732427, 
0.0000772632406713893, 0.000082768316031416, -0.000131516681543433, 
0.000268439486676552, -0.0000517080893271469, 0.00000439704696813657, 
-0.0000523511962548918, 0.0000695962066152242, -0.0000191938356066622, 
-0.0000998231328411581, 0.000176167694598023, -0.000210151809122191, 
0.0000629390683393186, -0.0000704448925291988, -0.0000741914029177504, 
-0.0000595423761265855, -0.00111788010822351, 0.00115018556610236, 
0.00111788010784834, -0.00115018556581866, 0.0000756280664230592, 
0.0000422807048719274, 0.0000980641235697245, 0.0000905656875353542, 
0.0000114766145062894, 0.0000773786296845056, -0.0000516798634696936, 
0.0000300554694852462, 0.000092402152734398, 0.0000474240238334602, 
0.0000912032190275495, -0.000298036529488447, -0.00018960938607313, 
0.0000223939835339768, 0.000203221403636301, 0.0000691932733929299, 
0.0000881688215952494, 0.0000395670748442875, 0.0000222477855328964, 
0.000131046026100323, 0.000000187230050119403, -0.000117289015119176, 
-0.000147787076222767, 0.000987656767080194, -0.0000742906905076717, 
-0.000111320928643202, 0.000155077978753585, -0.000393623555435051, 
0.000187744522547888, -0.000238228517130834, 0.000291788324820781, 
-0.0000483412748772246, 0.0000617229499163948, -0.00014569453809456, 
-0.0000565073786306472, 0.0000225666348738708, 0.000342716389990803, 
0.0000297295003978537, -0.00011113819801913, 0.0000300707227762939, 
-0.00000224260720930314, -0.0000388824206990533, 0.0000425677789034319, 
-0.0001354616299244, -0.0000149588229683777, -0.000282602015715185, 
0.000287182110286225, 0.000282602015849935, -0.000287182110424555, 
-0.0000416753711777328, 0.0000593238614835751, 0.0000137047439994475, 
0.000112263434314504, -0.0000943913667355123, -0.000146488366018885, 
-0.000229604362701085, 0.0000337396477156355, -0.0000104781840418564, 
-0.000100720401352522, -0.00025610754183714, -0.000238754241124836, 
0.000141779301467524, -0.000125023318174773, -0.0000480886017276015, 
-0.0000981587205308606, -0.00000550231770598523, 0.00000394878984159738, 
-0.000330741930156775, 0.000209316413491249, -0.0000808898358972201, 
0.0000845439536625922, 0.0000293837061229547, -0.0000742906905221919, 
0.000956465429193902, -0.000187256127038201, -0.0000547998600866963, 
-0.000051675840174713, -0.000109824884920671, 0.000159723714858483, 
0.000100696119727966, -0.000069068978021561, -0.00000514068589161431, 
0.00000164392546692712, -0.0000108018915320927, 0.000143699430538204, 
-0.00013968870815646, 0.000165328564894904, -0.0000241509657608349, 
-0.0000314773721860321, -0.000117477972225282, -0.000106360615052019, 
0.0000424976170572616, 0.000197068681618533, -0.0000214323202664937, 
-0.000415234730857796, 0.000401288369596038, 0.000415234736183678, 
-0.000401288375412794, 0.0000834292245420876, -0.000232239510822951, 
-0.00007132556000762, 0.0000473786594205338, 0.000121721145310756, 
0.000142276490428118, 0.0000558370332469516, 0.0000686152996267865, 
-0.0000530714754065336, 0.000301136827701019, 0.0000448724427278999, 
0.0000340958865913049, 0.0000600120530510715, -0.000000796855230755753, 
-0.000152763004234029, 0.0000524016109271222, 0.000250373523460347, 
-0.0000422165450447537, -0.0000915270466159382, 0.0000892280355716102, 
-0.000157159644810945, -0.0000229553333396397, 0.000132877246694615, 
-0.000111320928900348, -0.000187256126777617, 0.000565523594107329, 
0.000033491018542992, 0.00018922271845068, 0.0000718283833921834, 
0.0000245680163664089, -0.0000514410210790753, -0.000185467507359023, 
-0.00000105020462471768, 0.000128079580085388, 0.000125448672334108, 
-0.000108035404883957, 0.00022706230165063, -0.0000645422994667343, 
0.0000639267910992815, -0.000115671808592404, 0.0000475173630713565, 
-0.0000523938789875791, 0.000115095491844454, -0.0000348410451993369, 
-0.0000899003938000938, -0.00170006695245698, 0.00172453443541264, 
0.00170006695667129, -0.00172453444024027, 0.0000359428591069054, 
0.0000584667585131083, 0.0000268859771230849, -0.000323280634063819, 
0.00019662848130522, 0.0000108024443029415, 0.000100875942733996, 
0.0000949465269168846, 0.0000433490608406115, 0.00013514874680233, 
-0.0000859963303192671, 0.000102395720280424, -0.000138696633233943, 
0.0000159836408095594, 0.0000576932380145096, 0.000134661129299563, 
0.000050641668044165, -0.000191825551337603, -0.00029498400619582, 
-0.000116324799078161, -0.00012692049315711, -0.000201327608906371, 
-0.0000853282770434331, 0.000155077978738312, -0.0000547998599830805, 
0.0000334910185953538, 0.000684324825754868, -0.000121245103654848, 
0.0000501773772942274, 0.0000299451787676274, 0.000134504356871386, 
0.00000888460211012218, -0.0000559625863661897, 0.00003090931107459, 
0.0000841759850154789, 0.000071540687338739, 0.0000332205929583538, 
-0.0000742519705205123, -0.000183699055294843, -0.000338181013388902, 
-0.00016101217532394, 0.000176083749553075, -0.000167160046466376, 
0.0000293158976297968, 0.000107998559321242, 0.00203245597151441, 
-0.00208141232765385, -0.00203245597189586, 0.00208141232804714, 
0.0000821750409284277, 0.0000842878118417595, 0.0000122162200864244, 
-0.000071916739263323, 0.000224506156180901, -0.0000414332255146367, 
-0.0000765179596262521, 0.000217918424648812, 0.0000649825036224061, 
0.0000223443062615522, 0.000110547241253378, 0.0000237680969753722, 
0.0001257310302723, -0.0000490502564601874, 0.000132904311876428, 
-0.0000431176496576936, -0.0000958496307372138, -0.00013771388786525, 
-0.0000304434385754489, 0.000202585380562359, 0.0000752982750493557, 
-0.0000836071565584084, -0.0000485397563080329, -0.000393623555468336, 
-0.0000516758400064075, 0.000189222718339992, -0.000121245103601782, 
0.000788126829564878, -0.000191316650237578, 0.0000169092911437184, 
-0.000130162524768541, -0.000043336371948188, -0.000139034012049501, 
-0.0000179575218843479, 0.000149722901392474, 0.000135986936516019, 
0.0000587313175475637, -0.000285172036719286, 0.0000876201518432004, 
0.000119766725071556, 0.000253516671552587, -0.000139974777943847, 
0.00000529719658186564, 0.000131994116167999, 0.0000836286480507585, 
0.00158446846530173, -0.0016013905401835, -0.0015844684629295, 
0.00160139053609799, 0.0000406492410477918, -0.000037416167237567, 
-0.000104160268037498, -0.000121701126418229, -0.000268690330528213, 
0.000128099690105127, -0.0000417802736328238, 0.0000644490809482334, 
-0.0000636014992567308, 0.0000185203514136707, 0.0000436661989410096, 
-0.000193283919275272, 0.0000689299171555322, 0.0000373609931243474, 
0.0000521079374442424, -0.0000659653699788196, -0.0000157577726252934, 
-0.000278129544571497, -0.000102018937370777, -0.0000455676238323227, 
-0.0000907155219186702, -0.0000364009019945451, 0.0001523794287354, 
0.000187744522614051, -0.000109824885078175, 0.0000718283833933735, 
0.0000501773773186893, -0.000191316650315917, 0.000659910861713149, 
0.00000906136767849442, -0.0000062678572769105, -0.000150900779380147, 
0.000260626012297675, 0.000249039331146358, -0.000179639702570279, 
-0.0000882075856103693, -0.0000509247533247766, -0.0000282882751448398, 
-0.000232294791536164, 0.0000251877348458384, 0.000194958484934491, 
-0.0000351932609776285, -0.00000997329006896289, -0.0000608665114767127, 
-0.00013449447359083, -0.00254833062228746, 0.00257567660699684, 
0.00254833062471144, -0.00257567660978834, 0.0000246279680494645, 
0.000198298785601125, 0.0000606042532282353, 0.0000623127384070352, 
-0.000153686035212342, 0.000147301971525228, 0.0000981037601004688, 
-0.0000214499124344435, -0.0000890785011223647, -0.000251595237393455, 
0.000140580547498333, -0.0000670952395420831, 0.000226866079583567, 
0.000312310728023058, 0.00000831047608545442, 0.000144209664559247, 
0.000275145918315858, -0.0000676086707480512, 0.0000782857741879982, 
-0.000143986346377463, 0.0000871355223823593, -0.000309798675418941, 
0.0000772632406639365, -0.000238228517126438, 0.000159723714648448, 
0.0000245680163677338, 0.0000299451787646988, 0.0000169092910685558, 
0.00000906136770949322, 0.0010458037667208, 0.0000158321621532243, 
0.000022282307401792, 0.00000860251791023736, 0.000194513950403099, 
0.000160800030596563, 0.0000615567646156324, -0.0000804509230855416, 
0.0000869087370677556, -0.000212001266537435, -0.0000168252568082372, 
-0.0000646667417259454, 0.0000870228197471655, -0.000210103255805759, 
0.000000637995152147007, -0.000125214668352138, -0.00237339410845627, 
0.0023966604641396, 0.00237339410928257, -0.00239666046520768, 
-0.000199679216921035, -0.0000189916077027064, -0.000105557122283363, 
0.0000898579950842392, -0.000000263028244711872, -0.0000820468807486945, 
-0.000156494806365346, -0.0000850102409521443, -0.000167702483452192, 
-0.000148644030697058, 0.000125033938894214, 0.000062326462036493, 
-0.0000606711969474176, 0.0000312259175718429, 0.0000764993443184845, 
0.000165291773685405, 0.000247721578352563, -0.0000761708650889365, 
-0.000150252201729873, 0.0000443587081193782, 0.0000641441893577647, 
-0.000437393103208568, 0.0000827683160345757, 0.000291788324811635, 
0.000100696119697564, -0.000051441021057909, 0.000134504356858879, 
-0.000130162524723509, -0.00000626785728990509, 0.0000158321621214921, 
0.000831860894514346, -0.0000211885767564519, -0.00038484405930796, 
-0.0000764055772649356, -0.0000354346060574392, -0.000124606077273285, 
0.000000773915877978758, 0.000124943489476875, 0.0000922643323937417, 
0.0000257914347713034, -0.00000329243545749062, -0.000112244595011076, 
0.000271608830253287, 0.000105072330699427, 0.000230768790620159, 
0.00437125649502878, -0.00442004910409197, -0.00437125649536722, 
0.00442004910381268, -0.000110251338824932, -0.000112386624201918, 
0.0000823937176223895, -0.0000694592233729513, 0.0000941838317549188, 
-0.000178663059103939, 0.0000641255065764536, -0.000195597970015641, 
-0.000108690851720111, -0.000125853323212635, 0.0000598553165741772, 
-0.0000823788178665317, 0.000176793626724571, 0.000055436920037018, 
-0.0000988201018782175, 0.0000227798747061864, -0.0000812841234276115, 
0.00000733017743561898, -0.000105753745991511, -0.00000223227506933687, 
0.000195846255535628, -0.0000395690638814806, -0.000131516681738053, 
-0.0000483412748806412, -0.0000690689776113355, -0.00018546750754989, 
0.00000888460206405031, -0.0000433363719414996, -0.000150900779570964, 
0.0000222823075605952, -0.0000211885768923529, 0.000930908878355397, 
-0.00011981565342621, 0.000143986978932323, -0.000130887453862465, 
-0.0000507972770593071, 0.000294746425359222, -0.000240878615761543, 
0.000095175741232202, -0.0000493256422284812, -0.000121477912877666, 
-0.0000461714319570929, -0.0000800529333728075, -0.0000577566187470793, 
-0.00012120401678362, -0.00228915994604334, 0.0023280210556649, 
0.0022891599407292, -0.0023280210549563, 0.000182886189449866, 
-0.0000132491611433173, 0.000056784847886832, -0.0000750744033611315, 
-0.000128924123493527, 0.000033607316901388, -0.000156409730975916, 
0.0000541516778894798, -0.00000894296122534938, 0.000129345281874018, 
-0.0000604707861969166, -0.000125233943963675, 0.000020389035794473, 
0.000240265367807514, 0.00011536401370004, -0.000130707918376506, 
-0.000118210412418237, 0.000274424073416091, -0.0000406712770535629, 
0.0000111910540759362, -0.0000638813659257699, 0.0000684362480992383, 
0.000268439486681336, 0.0000617229498594747, -0.00000514068593441949, 
-0.00000105020457585325, -0.0000559625863261245, -0.000139034012154251, 
0.000260626012292158, 0.00000860251788806705, -0.000384844059402624, 
-0.000119815653705125, 0.000665597741877571, 0.0000102136807430075, 
-0.0000807529792017949, 0.0000816324072715882, -0.0000647967222219419, 
-0.000188005325019979, -0.0000620931616873321, 0.0000823037921179665, 
-0.0000429657225111541, 0.000188941435043229, -0.000348118040705757, 
-0.000139587194463495, -0.000122255293157439, -0.00231321659685508, 
0.00234406848114108, 0.0023132165990991, -0.00234406848344376, 
-0.000108147634089371, -0.0000512757316902954, 0.000175129890017087, 
0.0000354591713189056, -0.000128472787322826, 0.0000829700657330102, 
-0.00000477036875850268, 0.0000793635753918351, -0.00029049854438094, 
0.000127775781061815, -0.00014829571822694, 0.0000341643832314251, 
0.000184304496013813, -0.0000212291875931099, -0.0000353271802041938, 
0.0000988336066395053, -0.0000197805471402876, -0.0000707566081564635, 
-0.0000131829646445668, 0.0000168573254370777, -0.000104531654698892, 
-0.0000121944106890384, -0.0000517080893562837, -0.000145694538093849, 
0.00000164392545804582, 0.000128079579986639, 0.0000309093110501529, 
-0.0000179575218248555, 0.000249039331168224, 0.000194513950433961, 
-0.0000764055772738703, 0.00014398697909698, 0.0000102136808030468, 
0.000675931786210236, -0.000138472075937222, -0.000239286785756019, 
-0.0000623884287531842, -0.00012932985830154, -0.000268809882192891, 
-0.000193559602131667, 0.000163168793922877, -0.000340636360848392, 
-0.000103562273065155, -0.0000284759088790921, 0.000110825122641928, 
0.00210461522620226, -0.00211748654079043, -0.0021046152250098, 
0.00211748653948869, -0.000142506417139831, 0.0000316642523155813, 
0.0000145460958026609, -0.000202004741729059, -0.0000385691924295755, 
-0.0000000144289836413161, -0.0000992837295815463, -0.00018285299378557, 
-0.0000356497005217457, -0.0000515477822920146, 0.000118403909729737, 
-0.000207739122915171, -0.000355540601127046, 0.0000187199030130966, 
-0.000133465956092462, -0.0000677304455217928, 0.000193783724736849, 
-0.00000691726867907672, 0.0000215248268983888, -0.0000014148773659972, 
-0.000151761451460852, 0.000108459493302693, 0.00000439704692573386, 
-0.0000565073786221773, -0.0000108018915152456, 0.00012544867235933, 
0.0000841759850107342, 0.000149722901335863, -0.000179639702555899, 
0.000160800030608877, -0.000035434606046248, -0.000130887453747556, 
-0.0000807529792633972, -0.000138472075942659, 0.00086079104616978, 
-0.0000732781755600846, 0.0000938910331783353, -0.000199721447494257, 
0.00000445786758391587, 0.000105110647087771, 0.0000236696890848053, 
0.000197125685339072, -0.0000080842719649006, 0.000116444561432401, 
0.000136863816809195, 0.00259969728076839, -0.00261451014012691, 
-0.00259969728173393, 0.0026145101410023, 0.0000433948494880965, 
-0.000112341458231159, 0.0000154741216273565, -0.0000162195482624232, 
-0.00000453679349172186, -0.000066066167332534, -0.0000695453970756214, 
0.0000420057430824623, -0.000128464633319459, 0.0000422580982141165, 
0.000134648833286697, -0.0000542353279265705, 0.000152131093487118, 
-0.0000401054475814351, -0.0000535991280113062, 0.0000897663199954169, 
-0.0000333739925618923, -0.000136467373243832, 0.000234687307416282, 
0.000157100814265074, -0.000101032839898993, -0.000048078324648252, 
-0.0000523511962421157, 0.0000225666350250229, 0.000143699430254001, 
-0.000108035404530532, 0.0000715406873993732, 0.000135986936676976, 
-0.0000882075857528772, 0.0000615567648098802, -0.000124606077550089, 
-0.0000507972775992965, 0.0000816324074217441, -0.000239286785868734, 
-0.0000732781754086158, 0.00106905482239969, 0.000166000245921049, 
0.0000334090097654108, -0.000211455160455245, 0.0000292630622687909, 
-0.00000451234394333747, 0.000131371153389151, -0.0000664229186136248, 
0.0000335499210171443, -0.0000333764305829821, -0.00063380143630538, 
0.00063785741039519, 0.000633801445424142, -0.000637857412248039, 
0.0000860276923001723, -0.0000581251365457168, 0.000035773850362455, 
0.0000152761925771998, 0.000123180452428063, 0.0000134305277396838, 
-0.0000572503128858717, 0.0000874485629941193, -0.000141441897538742, 
0.0000295581702532978, 0.000057759688575958, -0.000217225140025143, 
0.0000501082409033425, -0.000138151998934169, 0.000113248241662749, 
0.000239569998034093, 0.000211069468094287, 0.0000244753852568262, 
0.000178072244835451, 0.0000363668313852733, -0.0000253695522705659, 
0.000120333048564833, 0.0000695962065660294, 0.000342716390010015, 
-0.000139688708012839, 0.000227062301834618, 0.0000332205929507694, 
0.0000587313176564384, -0.0000509247533176007, -0.0000804509230912421, 
0.000000773915829909734, 0.000294746425612883, -0.0000647967221346626, 
-0.0000623884286944137, 0.0000938910331288587, 0.000166000245888441, 
0.000858231333162585, -0.000205174699688804, 0.0000490376099283536, 
-0.0000923490756636832, -0.000111011806173166, -0.0000753122728543544, 
0.000186436670339594, 0.0000113724438384308, -0.000194155290808462, 
-0.00367997035364053, 0.00371660937081513, 0.00367997035386628, 
-0.00371660937198597, -0.00019744531552589, -0.0000949010268243576, 
0.000204700322325062, 0.000047486748339991, 0.000120049934420703, 
0.000121671264650769, 0.000107068735339716, -0.0000535395301834509, 
-0.0000234667011754363, 0.000197703359534887, -0.0000395777653062273, 
0.0000869033844406839, 0.0000771778685240609, 0.00000823700945026865, 
-0.000154470021031126, 0.0000942058773165987, 0.0000619439774542024, 
-0.000135227490115722, 0.0000569084241761974, -0.000148576795620439, 
0.000159353337166787, 0.000082343341579446, -0.000019193835645335, 
0.0000297295004007479, 0.000165328564739464, -0.000064542299653635, 
-0.0000742519704149568, -0.00028517203669851, -0.0000282882751939256, 
0.0000869087370153035, 0.000124943489470885, -0.000240878615630877, 
-0.000188005324965018, -0.000129329858317083, -0.000199721447531519, 
0.0000334090096985202, -0.000205174699691222, 0.000841820864612042, 
0.000111866433551062, 0.000202304306397057, 0.0000460143340671061, 
0.0000890648626565988, 0.000141303101755697, 0.00000846848439124583, 
-0.000177333011935475, -0.00334520664460119, 0.00341008764379114, 
0.00334520664572091, -0.00341008764473159, 0.000093374173856225, 
0.0000594934797641719, 0.0000629812416425947, 0.00000919366488781968, 
0.000176929405302166, -0.000112445250016216, -0.000202895558080462, 
-0.0000312236874379803, 0.0000102148731343689, 0.000107970473599127, 
-0.000198454416955942, -0.0000138450243465115, -0.0000184044670866829, 
0.0000295782907118743, -0.0000908356150624182, -0.000145791088982727, 
0.000289358544160392, 0.000143337402218394, -0.0000367662494925198, 
-0.000210709564465377, 0.000133693961502688, -0.0000866060030804298, 
-0.0000998231327228868, -0.000111138198103123, -0.0000241509655997521, 
0.0000639267911425861, -0.000183699055416199, 0.0000876201520343156, 
-0.000232294791543233, -0.000212001266451686, 0.0000922643322470556, 
0.0000951757413964038, -0.0000620931616321575, -0.000268809881993161, 
0.00000445786737583425, -0.000211455160346218, 0.0000490376101103393, 
0.000111866433382023, 0.000746670878055622, 0.000117800548457818, 
0.000148862400092702, 0.00010833292063691, 0.000166461134292603, 
0.0000244245044330336, -0.000147923444324606, -0.00279435159700122, 
0.00284047993757557, 0.00279435159596, -0.00284047994017779, 
-0.000123422611859737, 0.000023523256456933, 0.0000178817570451205, 
-0.0000634387439577651, 0.0000860302863298662, -0.0000688728557650327, 
0.0000572615115734556, -0.000141383817326946, -0.0000749987163198445, 
0.0000196015379410043, 0.000157091160706742, -0.000294206542246056, 
0.0000320379222660597, 0.000295782362066764, 0.000092411043227485, 
0.0000345456609098935, -0.0000949374608247157, -0.0000262149247379767, 
0.0000245157293951692, 0.000115071259734863, 0.000318725284993197, 
0.000145656723255091, 0.000176167694603261, 0.0000300707228121686, 
-0.0000314773722118191, -0.000115671808692114, -0.000338181013365427, 
0.000119766725022052, 0.0000251877348300017, -0.0000168252568088124, 
0.000025791434771303, -0.0000493256422010077, 0.0000823037921246353, 
-0.000193559602144134, 0.000105110647089368, 0.0000292630619799074, 
-0.0000923490756420909, 0.000202304306508274, 0.000117800548526553, 
0.000762672405617595, 0.00028409623938095, -0.0000407409963233893, 
0.000000865142066152996, -0.000137986773460308, 0.000143356302830909, 
0.00270732624665023, -0.00275375070513147, -0.00270732624709254, 
0.00275375070565067, -0.0000464490217818026, 0.000104341417804277, 
0.000203152338664676, 0.0000684045366376934, 0.0000202962009414093, 
-0.0000638529305761801, -0.00000836421720310091, 0.000170166579132012, 
-0.0000398401007193769, 0.000186154877562002, 0.0000678059558674576, 
-0.000251026624428782, 0.0000301688371261693, 0.0000815817871108339, 
-0.000021117316414969, -0.0000630202656726106, 0.000107210597360494, 
-0.0000872874564387557, -0.00000545196942460909, -0.0000691776099736536, 
-0.0000184751529947036, -0.0000602917150672383, -0.000210151809165385, 
-0.00000224260702420926, -0.000117477972285098, 0.0000475173629003525, 
-0.000161012175273639, 0.000253516671440155, 0.000194958485012348, 
-0.0000646667417174364, -0.00000329243538863573, -0.000121477912727943, 
-0.0000429657225259184, 0.000163168793835924, 0.000023669688985074, 
-0.00000451234402010837, -0.000111011806266465, 0.0000460143343801592, 
0.000148862400025095, 0.000284096239452584, 0.000656710090137346, 
-0.000185391888616002, 0.0000220365119854488, 0.0000926639802182602, 
0.000042524893975522, 0.000802336509313386, -0.000817637212202183, 
-0.000802336507778649, 0.000817637210637344, 0.0000149035147453328, 
-0.00000330866948801644, 0.0000407572165252057, -0.00012271590709524, 
-0.0000859249459205143, 0.0000831332197425874, -0.0000854871709279624, 
-0.000086029102417648, 0.000224925115100225, 0.000101348639776967, 
0.000222496411886419, 0.000110856823655073, -0.0000560810003656681, 
-0.0000349911650592986, -0.000169374982884625, -0.000198636505687112, 
0.000123673589321672, 0.0000963821138325189, -0.000042648660454295, 
-0.0000785271184237329, 0.0000312586315617064, -0.000165131055331863, 
0.0000629390682701633, -0.000038882420602682, -0.000106360615181415, 
-0.0000523938791020358, 0.000176083749527784, -0.000139974778209711, 
-0.0000351932609645769, 0.000087022819682296, -0.000112244595184349, 
-0.0000461714319108387, 0.000188941435151615, -0.000340636360947115, 
0.000197125685313793, 0.000131371153753621, -0.0000753122727379963, 
0.000089064862534181, 0.000108332920895761, -0.0000407409963393601, 
-0.000185391888686024, 0.00067356728315267, -0.000218464744868551, 
-0.000130964884582461, -0.0000819198835937305, -0.00155340213226264, 
0.00156748078016409, 0.00155340213327602, -0.00156748078119105, 
-0.00000487588717551915, -0.000112478869387986, -0.000271236633048725, 
-0.0000712888218708274, -0.0000877190512868228, -0.000134850789290899, 
-0.0000727466436605844, 0.0000754143704163553, -0.000044673065075596, 
-0.000138130239858052, -0.0000316092659974082, -0.0000096040502963297, 
-0.0000109427783721684, -0.000189051111139371, -0.0000666285333207818, 
-0.000144086152378752, -0.000041847883977191, -0.0000515063288336199, 
0.0001487663819694, -0.00000209537936796777, 0.0000294635191595661, 
-0.0000723107301456078, -0.0000704448925460986, 0.0000425677788829034, 
0.0000424976170674534, 0.000115095491809995, -0.000167160046454199, 
0.00000529719664237611, -0.00000997329007845745, -0.000210103255862594, 
0.000271608830229304, -0.0000800529331149707, -0.000348118040663495, 
-0.000103562273025157, -0.00000808427198393773, -0.0000664229187422859, 
0.000186436670313777, 0.000141303101814542, 0.000166461134240186, 
0.000000865142054342161, 0.0000220365120242366, -0.000218464744766056, 
0.000796037450666247, 0.0000603495189100005, -0.000170277145689976, 
-0.00323092978541184, 0.00325579629183425, 0.00323092978597164, 
-0.00325579629193277, -0.00010730980953743, -0.00019638567913239, 
-0.0000987746927888664, -0.0000568880975343056, -0.0000774308921255007, 
-0.0000830899328715816, -0.0000127253315319304, 0.00012904704622574, 
-0.0000726158993351451, 0.0000162675089267527, -0.0000466080259298408, 
-0.000150480622332071, -0.000232173278533642, 0.000206955900019831, 
-0.0000686957626224293, 0.000118173276652198, -0.00023006927103775, 
0.0000730993615242559, 0.0000631563428195807, -0.000247375864804992, 
-0.000156086354420409, -0.0000850400794509502, -0.0000741914028835327, 
-0.000135461629935158, 0.000197068681619519, -0.0000348410452236752, 
0.0000293158976084917, 0.000131994116182919, -0.0000608665113938108, 
0.000000637995164763352, 0.000105072330698633, -0.0000577566186614852, 
-0.000139587194427645, -0.0000284759088775695, 0.000116444561462535, 
0.0000335499212546384, 0.000011372443769525, 0.00000846848435737909, 
0.0000244245045802264, -0.000137986773455725, 0.0000926639801512032, 
-0.000130964884501662, 0.0000603495189040475, 0.000857555184842493, 
-0.000117804579141257, -0.00222956313909645, 0.00225842116937727, 
0.0022295631399082, -0.00225842117021024, -0.0000202673480154855, 
0.00011622838200662, -0.000160093214811401, 0.0000877230923426632, 
-0.000029834378599325, 0.0000482733904110368, 0.0000127102076799486, 
-0.000168550365735906, -0.000114758380354193, 0.00017728922406403, 
-0.000065015467665543, 0.0000480042057071905, 0.0000269885849617895, 
-0.0000973937756423433, 0.0000688900488028276, 0.000185754163310967, 
-0.0000621140967568445, 0.0000807534595896942, 0.0000593308539622179, 
0.000121099176003719, 0.0000482863170687179, -0.0000687658058889369, 
-0.0000595423761457813, -0.0000149588229515473, -0.0000214323202750689, 
-0.0000899003937665715, 0.000107998559320139, 0.0000836286480144361, 
-0.000134494473589301, -0.000125214668328202, 0.000230768790649111, 
-0.000121204017028488, -0.000122255293201827, 0.000110825122624829, 
0.000136863816820115, -0.0000333764303340745, -0.000194155290718848, 
-0.000177333011913431, -0.000147923444200356, 0.000143356302835527, 
0.0000425248939830914, -0.0000819198834713598, -0.000170277145672291, 
-0.000117804579115622, 0.000835102865689367, 0.0156289017701188, 
-0.0161815938720405, -0.015628901771322, 0.0161815938715039, 
-0.000376962837556448, 0.00220567849858508, -0.00303690095038482, 
0.00166188883050658, -0.000560518289924272, 0.00091806824325178, 
0.000241618025050566, -0.00319241218314755, -0.00217589199065137, 
0.00335781439921754, -0.00123254038619112, 0.00090429171480501, 
0.000509612732487809, -0.00184879488084282, 0.00131224577172159, 
0.00351501593900464, -0.00117632557796951, 0.00152593414646283, 
0.00112565084291379, 0.00230654538514467, 0.00091404713800842, 
-0.00130848778764086, -0.00111788010742085, -0.000282602016484836, 
-0.000415234733666909, -0.00170006695109146, 0.00203245597165972, 
0.00158446846347002, -0.00254833062315588, -0.00237339410794674, 
0.00437125649505085, -0.00228915994598925, -0.00231321659826934, 
0.00210461522485658, 0.00259969728076151, -0.000633801433626507, 
-0.00367997035204928, -0.00334520664605209, -0.00279435159011803, 
0.00270732624715123, 0.000802336509384966, -0.00155340212804448, 
-0.00323092978533671, -0.00222956314076822, 0.0156289017701396, 
0.968584216264037, -0.227471528638059, 0, 0, 0.000394924709357164, 
-0.00222221794153333, 0.00306210525575245, -0.00167994471506931, 
0.000575790819539645, -0.000920865569497932, -0.000242650260271227, 
0.00322878199753269, 0.00219609507524575, -0.00339609165213048, 
0.00124432018164115, -0.000924328691097637, -0.000518509367350157, 
0.00186153506927281, -0.00131237973780239, -0.00356117820185228, 
0.00118990004859253, -0.00155033552766224, -0.00113479910870581, 
-0.00230729584374507, -0.000925501217553547, 0.00131136492719569, 
0.00115018556557416, 0.000287182109564913, 0.000401288371436516, 
0.00172453443948368, -0.00208141232748976, -0.00160139053785522, 
0.00257567660797525, 0.00239666046382798, -0.00442004910363673, 
0.00232802106257329, 0.0023440684814372, -0.00211748654054952, 
-0.00261451014115694, 0.000637857410010604, 0.00371660937065969, 
0.00341008764340777, 0.00284047994059233, -0.00275375070543364, 
-0.000817637210352304, 0.00156748078010536, 0.00325579629263663, 
0.00225842116914951, -0.0161815938716067, -0.227471528646897, 
0.99999999999203, 0, 0, 0.000376962837517122, -0.00220567849861194, 
0.00303690095040152, -0.00166188883050096, 0.000560518289882093, 
-0.000918068243230301, -0.000241618025062959, 0.00319241218317318, 
0.00217589199062524, -0.00335781439925689, 0.00123254038620254, 
-0.000904291714799115, -0.000509612732544288, 0.00184879488088097, 
-0.00131224577171714, -0.00351501593898913, 0.00117632557797883, 
-0.00152593414642466, -0.00112565084290803, -0.00230654538516918, 
-0.000914047138013343, 0.0013084877877167, 0.001117880107454, 
0.000282602016451733, 0.00041523473365566, 0.00170006695109462, 
-0.00203245597169788, -0.00158446846349183, 0.00254833062318375, 
0.00237339410793507, -0.00437125649506988, 0.00228915994595835, 
0.00231321659829925, -0.00210461522487058, -0.00259969728073831, 
0.0006338014336041, 0.00367997035205129, 0.00334520664607565, 
0.00279435159014002, -0.00270732624711673, -0.000802336509365406, 
0.00155340212806459, 0.00323092978535237, 0.00222956314080432, 
-0.0156289017701744, 0, 0, 0.968584216265389, -0.227471528639412, 
-0.000394924709368216, 0.00222221794159397, -0.00306210525583605, 
0.00167994471511526, -0.000575790819555559, 0.000920865569522982, 
0.000242650260277837, -0.00322878199762102, -0.00219609507530575, 
0.00339609165222338, -0.00124432018167515, 0.000924328691123101, 
0.000518509367364405, -0.00186153506932359, 0.00131237973783803, 
0.00356117820194981, -0.00118990004862508, 0.00155033552770478, 
0.00113479910873679, 0.00230729584380773, 0.000925501217578885, 
-0.00131136492723134, -0.00115018556560598, -0.000287182109572791, 
-0.000401288371447153, -0.00172453443953095, 0.00208141232754717, 
0.00160139053789901, -0.00257567660804568, -0.00239666046389348, 
0.00442004910375763, -0.00232802106263721, -0.00234406848150141, 
0.00211748654060724, 0.0026145101412282, -0.000637857410027999, 
-0.00371660937076127, -0.00341008764350154, -0.0028404799406703, 
0.00275375070550926, 0.000817637210374784, -0.00156748078014817, 
-0.00325579629272548, -0.00225842116921135, 0.0161815938720562, 
0, 0, -0.227471528639439, 1.00000000003344), .Dim = c(49L, 49L
))
